db 80,1,4,704,12,40,17,74,27,88,33,564,105,110,105,116,0,115
db 101,116,99,111,108,111,117,114,0,112,114,105,110,116,0,112
db 114,105,110,116,102,0,9,11,14,90011,14,25,112,0,10133,500001
db 15,4,14,10025,110,14,250001,110,14,10025,111,10,25,111,1020
db 14,3,0,31,0,114,30,11,47,9,11,14,90011,10133,500001,15,4,14
db 10025,113,30,11,47,9,11,14,90011,10133,500001,15,3,9,1,14
db 3,1,31,0,226,10,7,1,30,11,47,65536,0,0,999,135,0,-0,14,25
db 112,0,14,1,2038,10,250001,110,14,17,1,117,40,135,0,-0,14,1
db 60,11,250001,112,22,1,87,10001,20,1,19,1,0,15,10000,0,4,0
db 162,14,3,0,31,0,114,10133,500001,16,2,14,2,10,11,10002,86
db 20002,87,20002,108,2,15,20000,0,4,0,192,14,3,0,31,0,114,2
db 0,224,10133,500001,16,2,14,250002,112,20,25,112,10,250002
db 111,14,10018,14,250001,113,21,25,113,14,250002,112,20,25,112
db 10,250002,111,14,10018,117,40,135,0,-0,10133,500001,16,2,14
db 2,0,11,170002,86,20002,87,20002,15,20000,0,7,0,274,10133,500001
db 16,2,14,10002,20,1,1134,10050,16,2,9,18,14,3,1,31,0,132,10
db 7,1,2,0,229,117,40,135,0,1,1134,50,16,-1,0,10133,500004,16
db 2,14,5,0,11,40005,87,50005,19,5,0,15,50000,0,4,0,319,1134
db 50,16,-1,1,10133,500004,16,2,22,4,1134,40050,16,2,10133,500004
db 16,2,14,40001,33,1,15,1,0,7,0,365,9,0,0,14,3,1,33,1,15,1,0
db 6,0,379,14,10002,59,2,10,10,2,48,9,2,20,3,13,1,10,2,0,339
db 9,0,48,14,3,1,31,0,132,10,7,1,117,40,10133,500004,16,-1,14
db 0,45,14,70004,10,4,1,9,4,14,3,1,31,0,226,10,7,1,10,30007,117
db 5,1,11,40005,86,50005,87,50005,108,5,15,50000,0,4,0,403,9
db 40,117,40,135,0,1,10133,500001,16,2,1134,10050,16,-1,10133
db 500001,16,-1,35,1,1134,10050,16,-1,10133,500001,16,3,14,10002
db 21,1,1134,10050,16,3,14,1,0,11,20001,22,1,87,10001,19,1,0
db 15,10000,0,7,0,490,10133,500001,16,-1,12,1,10,1134,10050,16
db -1,2,0,446,10133,500001,16,2,9,1,14,3,1,31,0,276,10,7,1,9
db 0,46,14,3,1,31,0,132,10,7,1,10133,500001,16,-1,14,2,0,11,10002
db 87,20002,19,2,0,15,20000,0,4,0,547,10133,500001,16,-1,22,1
db 1134,10050,16,-1,10133,500001,16,-1,9,1,14,3,1,31,0,276,10
db 7,1,117,40,9,11,14,90011,135,0,0,10133,502048,16,1,14,2050
db 3,14,20802049,20,2048,15,2049,0,6,0,700,15,2049,37,7,0,604
db 9,2049,31,0,132,20,7,2,0,578,14,20802049,20,2048,15,2049,115
db 7,0,637,15,2049,100,7,0,656,15,2049,102,7,0,675,9,0,37,31
db 0,132,20,7,2,0,578,10133,21142049,16,20,2050,9,2049,14,3,1
db 31,0,226,10,7,1,2,0,578,10133,21142049,16,20,2050,9,2049,14
db 3,1,31,0,276,10,7,1,2,0,578,14,20802049,20,2048,11,2049,48
db 9,2049,10133,21142049,16,20,2050,9,2049,31,0,425,10,7,2,2
db 0,578,117,30,11,47
