db 80,1,1,1098,6,14,112,117,116,108,111,103,111,0,10133,500006
db 15,3,14,90001,10,1,31,14,10005,11,110005,78,0,1080,47,32,1000
db 32,1000,32,1000,32,1000,32,1000,32,1000,32,2000,32,2000,32
db 12000,32,12000,32,12000,32,12000,32,13000,32,13000,32,13000
db 2000,32,2000,32,2000,32,2000,32,2000,32,12000,32,12000,32
db 32,13000,32,13000,32,13000,32,24000,32,24000,32,124000,32
db 124000,32,135000,32,1000,32,1000,32,1000,32,1000,32,1000,32
db 1000,32,2000,32,2000,32,2000,32,2000,32,2000,32,2000,32,12000
db 32,12000,32,12000,32,12000,32,12000,32,12000,32,12000,32,13000
db 32,13000,32,13000,32,13000,32,13000,32,13000,32,24000,32,124000
db 32,124000,32,134000,32,135000,32,1000,32,1000,32,1000,32,1000
db 32,1000,32,2000,32,2000,32,2000,32,2000,32,2000,32,2000,32
db 2000,32,12000,32,12000,32,12000,32,12000,32,12000,32,13000
db 32,13000,32,13000,32,13000,32,13000,32,13000,32,23000,32,24000
db 32,124000,32,124000,32,124000,32,135000,32,135000,32,1000
db 32,1000,32,1000,32,1000,32,1000,32,2000,32,2000,32,2000,32
db 2000,32,2000,32,2000,32,2000,32,12000,32,12000,32,12000,32
db 12000,32,12000,32,13000,32,13000,32,13000,32,13000,32,13000
db 32,13000,32,23000,32,24000,32,124000,32,124000,32,134000,32
db 135000,32,135000,32,1000,32,1000,32,1000,32,1000,32,2000,32
db 2000,32,2000,32,2000,32,2000,32,2000,32,2000,32,12000,32,12000
db 32,12000,32,12000,32,12000,32,12000,32,13000,32,13000,32,13000
db 32,13000,32,13000,32,23000,32,24000,32,24000,32,124000,32
db 134000,32,135000,32,135000,32,135000,32,1000,32,1000,32,1000
db 32,2000,32,2000,32,2000,32,2000,32,2000,32,2000,32,2000,32
db 12000,32,12000,32,12000,32,12000,32,12000,32,12000,32,13000
db 32,13000,32,13000,32,13000,32,13000,32,13000,32,24000,32,24000
db 32,124000,32,124000,32,134000,32,135000,32,135000,32,146000
db 32,1000,32,1000,32,1000,32,2000,32,2000,32,2000,32,2000,32
db 2000,32,2000,32,12000,32,12000,32,12000,32,12000,32,12000
db 32,12000,32,13000,32,13000,32,13000,32,13000,32,13000,32,13000
db 32,13000,32,24000,32,124000,32,124000,32,124000,32,135000
db 32,135000,32,135000,32,146000,32,1000,32,1000,32,2000,32,2000
db 32,888000,32,888000,32,2000,32,2000,32,888000,32,12000,32
db 888000,32,888000,32,12000,32,12000,32,12000,32,13000,32,13000
db 32,888000,32,13000,32,13000,32,888000,32,24000,32,888000,32
db 124000,32,124000,32,135000,32,888000,32,135000,32,146000,32
db 146000,32,1000,32,2000,32,2000,32,888000,32,2000,32,2000,32
db 2000,32,2000,32,12000,32,12000,32,888000,32,12000,32,888000
db 32,12000,32,13000,32,13000,32,13000,32,888000,32,13000,32
db 13000,32,888000,32,124000,32,124000,32,888000,32,134000,32
db 888000,32,135000,32,146000,32,146000,32,156000,32,1000,32
db 2000,32,2000,32,888000,32,2000,32,2000,32,2000,32,2000,32
db 888000,32,12000,32,888000,32,12000,32,888000,32,13000,32,13000
db 32,13000,32,13000,32,888000,32,13000,32,13000,32,888000,32
db 24000,32,124000,32,124000,32,888000,32,135000,32,135000,32
db 146000,32,146000,32,56000,32,2000,32,2000,32,2000,32,888000
db 32,2000,32,2000,32,2000,32,12000,32,888000,32,12000,32,888000
db 32,12000,32,888000,32,13000,32,888000,32,888000,32,13000,32
db 135000,32,888000,32,135000,32,146000,32,146000,32,56000,32
db 888000,32,13000,32,24000,32,888000,32,124000,32,124000,32
db 56000,32,2000,32,2000,32,2000,32,888000,32,2000,32,2000,32
db 12000,32,12000,32,888000,32,12000,32,888000,32,12000,32,888000
db 32,13000,32,13000,32,13000,32,13000,32,888000,32,23000,32
db 24000,32,888000,32,124000,32,134000,32,888000,32,135000,32
db 888000,32,146000,32,156000,32,56000,32,67000,32,2000,32,2000
db 32,2000,32,2000,32,888000,32,888000,32,12000,32,12000,32,888000
db 32,12000,32,888000,32,888000,32,13000,32,13000,32,13000,32
db 13000,32,13000,32,13000,32,888000,32,888000,32,888000,32,124000
db 32,888000,32,135000,32,135000,32,146000,32,888000,32,56000
db 32,56000,32,67000,32,2000,32,2000,32,2000,32,2000,32,2000
db 32,12000,32,12000,32,12000,32,12000,32,12000,32,12000,32,13000
db 32,13000,32,13000,32,13000,32,13000,32,13000,32,23000,32,24000
db 32,124000,32,124000,32,135000,32,135000,32,135000,32,145000
db 32,146000,32,156000,32,56000,32,67000,32,67000,32,2000,32
db 2000,32,2000,32,2000,32,2000,32,12000,32,12000,32,12000,32
db 12000,32,12000,32,13000,32,13000,32,13000,32,13000,32,13000
db 32,13000,32,13000,32,24000,32,124000,32,124000,32,134000,32
db 56000,32,67000,32,77000,32,2000,32,2000,32,2000,32,2000,32
db 135000,32,135000,32,135000,32,146000,32,146000,32,56000,32
db 2000,32,12000,32,12000,32,12000,32,12000,32,12000,32,13000
db 32,13000,32,13000,32,13000,32,13000,32,13000,32,24000,32,24000
db 32,24000,32,124000,32,134000,32,135000,32,135000,32,146000
db 32,146000,32,56000,32,56000,32,67000,32,67000,32,78000,32
db 12000,32,12000,32,13000,32,12000,32,13000,32,13000,32,13000
db 2000,32,2000,32,2000,32,2000,32,12000,32,12000,32,12000,32
db 32,13000,32,13000,32,24000,32,124000,32,124000,32,124000,32
db 135000,32,135000,32,135000,32,146000,32,146000,32,56000,32
db 67000,32,67000,32,77000,32,78000,32,2000,32,2000,32,2000,32
db 12000,32,12000,32,12000,32,12000,32,12000,32,12000,32,13000
db 32,13000,32,13000,32,13000,32,13000,32,13000,32,24000,32,24000
db 32,124000,32,124000,32,135000,32,135000,32,135000,32,146000
db 32,146000,32,56000,32,56000,32,67000,32,67000,32,78000,32
db 88000
